Name Team G PA HR R RBI SB BB_Pct K_Pct ISO BABIP AVG OBP SLG wOBA wRC EV BsR Off Def WAR playerid
"Jose Ramirez" Indians 58 254 17 45 46 10 12.2 16.9 0.315 0.294 0.292 0.386 0.607 0.415 164 88.7 1.9 21.9 1.7 3.4 13510
"Freddie Freeman" Braves 60 262 13 51 53 2 17.2 14.1 0.299 0.366 0.341 0.462 0.64 0.456 187 92.4 -0.3 28.7 -1.3 3.3 5361
"Mookie Betts" Dodgers 55 246 16 47 39 10 9.8 15.4 0.269 0.289 0.292 0.366 0.562 0.39 149 90.7 3.3 18.6 3.1 3 13611
"Fernando Tatis Jr." Padres 59 257 17 50 45 11 10.5 23.7 0.295 0.306 0.277 0.366 0.571 0.392 149 95.9 1.4 17.5 3.1 2.9 19709
"Trea Turner" Nationals 59 259 12 46 41 12 8.5 13.9 0.253 0.353 0.335 0.394 0.588 0.413 158 90.5 2.4 21.6 -0.5 2.7 16252
"Anthony Rendon" Angels 52 232 9 29 31 0 16.4 13.4 0.212 0.302 0.286 0.418 0.497 0.395 154 90.1 0 15.4 3.7 2.7 12861
"Mike Yastrzemski" Giants 54 225 10 39 35 2 13.3 24.4 0.271 0.37 0.297 0.4 0.568 0.407 159 88.2 0.8 17.7 1.2 2.6 14854
"Jose Abreu" "White Sox" 60 262 19 43 60 0 6.9 22.5 0.3 0.35 0.317 0.37 0.617 0.411 166 92.9 -1 20.2 -5.4 2.6 15676
"Manny Machado" Padres 60 254 16 44 47 6 10.2 14.6 0.277 0.297 0.304 0.37 0.58 0.391 149 90.2 -1.7 14.1 3.2 2.6 11493
"Marcell Ozuna" Braves 60 267 18 38 56 0 14.2 22.5 0.298 0.391 0.338 0.431 0.636 0.444 179 93 -0.2 26.7 -7.8 2.5 10324
"Mike Trout" Angels 53 241 17 41 46 1 14.5 23.2 0.322 0.3 0.281 0.39 0.603 0.407 162 93.7 1.3 19.7 -2.4 2.5 10155
"DJ LeMahieu" Yankees 50 216 10 41 27 3 8.3 9.7 0.226 0.37 0.364 0.421 0.59 0.429 176 91.3 0.7 21 -1.2 2.5 9874
"Trevor Story" Rockies 59 259 11 41 28 15 9.3 24.3 0.23 0.354 0.289 0.355 0.519 0.37 117 89.9 4 9.7 6.3 2.4 12564
"Juan Soto" Nationals 47 196 13 39 37 6 20.9 14.3 0.344 0.363 0.351 0.49 0.695 0.478 201 92.3 -0.5 24.8 -4.9 2.4 20123
"Ronald Acuna Jr." Braves 46 202 14 46 29 8 18.8 29.7 0.331 0.302 0.25 0.406 0.581 0.413 158 92.4 2.2 17.3 2 2.4 18401
"Brandon Lowe" Rays 56 224 14 36 37 3 11.2 25.9 0.285 0.309 0.269 0.362 0.554 0.385 150 89.8 2.9 16.8 1.4 2.4 18882
"Trent Grisham" Padres 59 252 10 42 26 10 12.3 25.4 0.205 0.31 0.251 0.352 0.456 0.349 121 88.3 -0.2 6.5 8.3 2.3 18564
"Paul Goldschmidt" Cardinals 58 231 6 31 21 1 16 18.6 0.162 0.364 0.304 0.417 0.466 0.387 146 89.2 1.1 14.6 -2.9 2.1 9218
"Tim Anderson" "White Sox" 49 221 10 45 21 5 4.5 22.6 0.207 0.383 0.322 0.357 0.529 0.376 142 87.2 0.8 12.2 -0.1 2.1 15172
"Michael Conforto" Mets 54 233 9 40 31 3 10.3 24.5 0.193 0.412 0.322 0.412 0.515 0.401 157 88.4 -0.2 16.7 -2.3 2 16376
"Nelson Cruz" Twins 53 214 16 33 33 0 11.7 27.1 0.292 0.36 0.303 0.397 0.595 0.411 164 91.6 -0.7 16.1 -5.6 2 2434
"Cesar Hernandez" Indians 58 261 3 35 20 0 9.2 21.8 0.124 0.364 0.283 0.355 0.408 0.335 110 89.1 0.4 3.5 4.7 1.9 10556
"George Springer" Astros 51 222 14 37 32 1 10.8 17.1 0.275 0.259 0.265 0.359 0.54 0.379 146 88.7 1.3 14.1 -2.2 1.9 12856
"Ian Happ" Cubs 57 231 12 27 28 1 13 27.3 0.247 0.317 0.258 0.361 0.505 0.369 132 91.1 0.2 9.5 -0.3 1.9 17919
"Xander Bogaerts" "Red Sox" 56 225 11 36 28 8 9.3 18.2 0.202 0.329 0.3 0.364 0.502 0.368 130 89 2.7 11.1 2.4 1.9 12161
"Wil Myers" Padres 55 218 15 34 40 2 8.3 25.7 0.318 0.331 0.288 0.353 0.606 0.4 154 91 1.4 16.5 -4.7 1.9 10047
"Dansby Swanson" Braves 60 264 10 49 35 5 8.3 26.9 0.19 0.35 0.274 0.345 0.464 0.348 116 89 4.2 9.5 2.8 1.9 18314
"Corey Seager" Dodgers 52 232 15 38 41 1 7.3 15.9 0.278 0.309 0.307 0.358 0.585 0.394 152 93.2 -1.8 13.5 -2.5 1.9 13624
"Kole Calhoun" Diamondbacks 54 228 16 35 40 1 12.3 21.9 0.3 0.211 0.226 0.338 0.526 0.362 125 89.4 0.5 7.9 2.6 1.8 11200
"Dominic Smith" Mets 50 199 10 27 42 0 7 22.6 0.299 0.368 0.316 0.377 0.616 0.412 164 89.8 0.6 16.9 -3.8 1.8 15653
"Luke Voit" Yankees 56 234 22 41 52 0 7.3 23.1 0.333 0.268 0.277 0.338 0.61 0.393 152 88.9 0.1 15.2 -3.2 1.8 14811
"Francisco Lindor" Indians 60 266 8 30 27 6 9 15.4 0.157 0.28 0.258 0.335 0.415 0.324 102 89.9 -2.5 -1.9 8.2 1.8 12916
"Mark Canha" Athletics 59 243 5 32 33 4 15.2 22.2 0.162 0.307 0.246 0.387 0.408 0.351 128 89.7 2.2 10.5 -1 1.8 11445
"J.T. Realmuto" Phillies 47 195 11 33 32 4 8.2 24.6 0.225 0.307 0.266 0.349 0.491 0.361 125 90.9 2 8.3 4.2 1.7 11739
"Yasmani Grandal" "White Sox" 46 194 8 27 27 0 15.5 29.9 0.193 0.299 0.23 0.351 0.422 0.338 116 90.3 -2.4 1.4 7 1.7 11368
"Kyle Lewis" Mariners 58 242 11 37 28 5 14 29.3 0.175 0.341 0.262 0.364 0.437 0.349 126 88.3 1.7 9.4 -1 1.6 19508
"Eloy Jimenez" "White Sox" 55 226 14 26 41 0 5.3 24.8 0.263 0.34 0.296 0.332 0.559 0.373 140 92.4 0.5 11.5 -4.7 1.6 17484
"Bryce Harper" Phillies 58 244 13 41 33 8 20.1 17.6 0.274 0.279 0.268 0.42 0.542 0.4 151 92.3 -0.6 15.4 -5.1 1.6 11579
"Willson Contreras" Cubs 57 225 7 37 26 1 8.9 25.3 0.164 0.307 0.243 0.356 0.407 0.336 110 89.8 -0.8 2.1 4.6 1.6 11609
"Yoan Moncada" "White Sox" 52 231 6 28 24 0 12.1 31.2 0.16 0.315 0.225 0.32 0.385 0.309 96 87.8 3 1.9 4.3 1.6 17232
"Alex Verdugo" "Red Sox" 53 221 6 36 15 4 7.7 20.4 0.169 0.371 0.308 0.367 0.478 0.362 126 87 1.1 8.3 2.3 1.6 17027
"Kyle Tucker" Astros 58 228 9 33 42 8 7.9 20.2 0.244 0.303 0.268 0.325 0.512 0.349 126 91.1 3.2 10.4 -2.5 1.5 18345
"David Fletcher" Angels 49 230 3 31 18 2 8.7 10.9 0.106 0.348 0.319 0.376 0.425 0.35 123 84.7 -0.7 5.9 1.9 1.5 17992
"Teoscar Hernandez" "Blue Jays" 50 207 16 33 34 6 6.8 30.4 0.289 0.348 0.289 0.34 0.579 0.384 143 93.3 1 12 -1.6 1.5 13066
"Jeimer Candelario" Tigers 52 206 7 30 29 1 9.7 23.8 0.205 0.372 0.297 0.369 0.503 0.373 136 90.2 0.8 10 -3.5 1.5 13621
"Kyle Seager" Mariners 60 248 9 35 40 5 12.9 13.3 0.192 0.24 0.241 0.355 0.433 0.338 118 89.1 1.7 7.2 -0.3 1.5 9785
"Brandon Nimmo" Mets 55 225 8 33 18 1 14.7 19.1 0.204 0.326 0.28 0.404 0.484 0.387 148 87.2 0 13.7 -4 1.5 12927
"Luis Robert" "White Sox" 56 227 11 33 31 9 8.8 32.2 0.203 0.3 0.233 0.302 0.436 0.316 101 87.9 1.7 1.8 3.4 1.5 20043
"Willy Adames" Rays 54 205 8 29 23 2 9.8 36.1 0.222 0.388 0.259 0.332 0.481 0.347 124 88.8 2 8.2 1.4 1.5 15986
"Chris Taylor" Dodgers 56 214 8 30 32 3 12.1 25.7 0.205 0.344 0.27 0.366 0.476 0.364 132 88 -0.9 7.8 -0.4 1.5 13757
"Jackie Bradley Jr." "Red Sox" 55 217 7 32 22 5 10.6 22.1 0.168 0.343 0.283 0.364 0.45 0.352 120 88.3 1.3 6.6 2.6 1.5 12984
"Jake Cronenworth" Padres 54 192 4 26 20 3 9.4 15.6 0.192 0.324 0.285 0.354 0.477 0.356 125 89.8 -1 5.2 2.7 1.4 18036
"Didi Gregorius" Phillies 60 237 10 34 40 3 6.3 11.8 0.205 0.285 0.284 0.339 0.488 0.348 117 83.7 0.4 5.4 2.8 1.4 6012
"Adalberto Mondesi" Royals 59 233 6 33 22 24 4.7 30 0.16 0.35 0.256 0.294 0.416 0.305 89 90.6 3.6 0.5 3.4 1.4 13769
"Christian Vazquez" "Red Sox" 47 189 7 22 23 4 8.5 22.8 0.173 0.341 0.283 0.344 0.457 0.346 115 88.4 -2.7 0.8 8.3 1.4 9774
"Cavan Biggio" "Blue Jays" 59 265 8 41 28 6 15.5 23 0.182 0.311 0.25 0.375 0.432 0.355 124 87.4 0.8 8.5 -1.5 1.4 19252
"Whit Merrifield" Royals 60 265 9 38 30 12 4.5 12.5 0.157 0.295 0.282 0.325 0.44 0.329 106 86.1 0 2 0 1.3 11281
"Kolten Wong" Cardinals 53 208 1 26 16 5 9.6 14.4 0.061 0.311 0.265 0.35 0.326 0.305 92 86.5 2.2 0 4.5 1.3 12532
"Michael Brantley" Astros 46 187 5 24 22 2 9.1 15 0.176 0.336 0.3 0.364 0.476 0.362 135 88.7 -1.6 6.5 0.7 1.3 4106
"Starling Marte" "- - -" 61 250 6 36 27 10 4.8 16.4 0.149 0.319 0.281 0.34 0.43 0.333 109 87 2.1 5 0.7 1.3 9241
"Jurickson Profar" Padres 56 202 7 28 25 7 7.4 13.9 0.15 0.293 0.278 0.343 0.428 0.335 111 87.2 2.7 5.6 0.7 1.3 10815
"Ramon Laureano" Athletics 54 222 6 27 25 2 10.8 26.1 0.153 0.27 0.213 0.338 0.366 0.315 103 87.7 0.7 1.5 4 1.3 17128
"Robbie Grossman" Athletics 51 192 8 23 23 8 10.9 19.8 0.241 0.267 0.241 0.344 0.482 0.351 127 89 2 8.5 -2 1.3 5254
"Maikel Franco" Royals 60 243 8 23 38 1 6.6 15.6 0.179 0.298 0.278 0.321 0.457 0.329 106 86.7 -0.7 1.1 1.1 1.3 12179
"Cody Bellinger" Dodgers 56 243 12 33 30 6 12.3 17.3 0.216 0.245 0.239 0.333 0.455 0.337 114 89.3 0.5 4.9 -0.9 1.2 15998
"Brian Anderson" Marlins 59 229 11 27 38 0 9.6 28.8 0.21 0.323 0.255 0.345 0.465 0.348 122 87.2 0.6 7.1 -0.9 1.2 18289
"Marcus Semien" Athletics 53 236 7 28 23 4 10.6 21.2 0.152 0.26 0.223 0.305 0.374 0.299 92 86.2 1.8 -0.6 4.4 1.2 12533
"Jeff McNeil" Mets 52 209 4 19 23 0 9.6 11.5 0.142 0.335 0.311 0.383 0.454 0.36 130 86.6 -2.5 5.5 0.9 1.2 15362
"Lourdes Gurriel Jr." "Blue Jays" 57 224 11 28 33 3 6.3 21.4 0.226 0.351 0.308 0.348 0.534 0.372 135 90.8 -2.2 7.4 -1.4 1.2 19238
"Tommy La Stella" "- - -" 55 228 5 31 25 1 11.8 5.3 0.168 0.276 0.281 0.37 0.449 0.355 129 88 -2.2 5.9 -2 1.2 12371
"Nick Ahmed" Diamondbacks 57 217 5 29 29 4 8.3 21.2 0.136 0.324 0.266 0.327 0.402 0.318 96 87.7 2.1 1 2.9 1.1 12147
"Eugenio Suarez" Reds 57 231 15 29 38 2 13 29 0.268 0.214 0.202 0.312 0.47 0.332 104 89.1 0.5 1.7 -0.5 1.1 12552
"Anthony Rizzo" Cubs 58 243 11 26 24 3 11.5 15.6 0.192 0.218 0.222 0.342 0.414 0.326 103 87.7 -0.4 0.6 -0.2 1.1 3473
"J.P. Crawford" Mariners 53 232 2 33 24 6 9.9 16.8 0.083 0.303 0.255 0.336 0.338 0.303 94 85.8 -0.2 -2 4.9 1.1 15491
"Kevin Pillar" "- - -" 54 223 6 34 26 5 5.8 18.4 0.173 0.335 0.288 0.336 0.462 0.341 106 87.1 1.9 3.5 0.7 1.1 12434
"Aaron Hicks" Yankees 54 211 6 28 21 4 19.4 18 0.189 0.256 0.225 0.379 0.414 0.351 123 88.2 2.6 8.6 -3.3 1.1 5297
"David Peralta" Diamondbacks 54 218 5 19 34 1 6 20.6 0.133 0.361 0.3 0.339 0.433 0.333 106 89.2 0 1.7 1.4 1 2136
"Joey Gallo" Rangers 57 226 10 23 26 2 12.8 35 0.197 0.24 0.181 0.301 0.378 0.297 86 91.2 2.7 -1.1 3.5 1 14128
"A.J. Pollock" Dodgers 55 210 16 30 34 2 5.7 21.4 0.291 0.277 0.276 0.314 0.566 0.364 132 89.6 -2 6.6 -3.9 1 9256
"Max Kepler" Twins 48 196 9 27 23 3 11.2 18.4 0.211 0.236 0.228 0.321 0.439 0.328 107 88.5 2.3 3.9 -2.6 1 12144
"Jean Segura" Phillies 54 217 7 28 25 2 10.6 20.7 0.156 0.314 0.266 0.347 0.422 0.333 107 88 -1.1 0.9 3.3 1 5933
"Wilmer Flores" Giants 55 213 12 30 32 1 6.1 16.9 0.247 0.272 0.268 0.315 0.515 0.347 120 87.9 -0.2 5.1 -2.8 1 5827
"Nolan Arenado" Rockies 48 201 8 23 26 0 7.5 10 0.181 0.241 0.253 0.303 0.434 0.308 76 87.8 -0.5 -6.6 9.3 0.9 9777
"Eddie Rosario" Twins 57 231 13 31 42 3 8.2 14.7 0.219 0.248 0.257 0.316 0.476 0.333 110 87.5 -2 0.9 -1.5 0.9 12155
"Brandon Crawford" Giants 54 193 8 26 28 1 7.8 24.4 0.209 0.303 0.256 0.326 0.465 0.334 111 88.7 -0.5 2.2 0.6 0.9 5343
"Donovan Solano" Giants 54 203 3 22 29 0 4.9 19.2 0.137 0.396 0.326 0.365 0.463 0.357 126 88.5 0.4 7.2 -5.4 0.9 8623
"Carlos Correa" Astros 58 221 5 22 25 0 7.2 22.2 0.119 0.324 0.264 0.326 0.383 0.308 98 88.6 -0.2 -0.8 1.8 0.9 14162
"Tommy Edman" Cardinals 55 227 5 29 26 2 7 21.1 0.118 0.301 0.25 0.317 0.368 0.302 90 86.5 -0.3 -3.3 1.5 0.8 19470
"Hunter Dozier" Royals 44 186 6 29 12 4 14.5 25.8 0.165 0.288 0.228 0.344 0.392 0.326 104 86.4 1.5 2.5 -2.6 0.8 15117
"Charlie Blackmon" Rockies 59 247 6 31 42 2 7.7 17.8 0.145 0.347 0.303 0.356 0.448 0.34 97 86.9 -0.2 -1 0.5 0.8 7859
"Matt Olson" Athletics 60 245 14 28 42 1 13.9 31.4 0.229 0.227 0.195 0.31 0.424 0.316 103 92.3 0.2 1.2 -1.8 0.8 14344
"Evan Longoria" Giants 53 209 7 26 28 0 5.3 18.7 0.171 0.28 0.254 0.297 0.425 0.308 93 91.7 -2.1 -3.8 4.4 0.8 9368
"Victor Reyes" Tigers 57 213 4 30 14 8 4.2 21.1 0.114 0.34 0.277 0.315 0.391 0.307 91 90 0 -2.3 0.8 0.8 15487
"Christian Walker" Diamondbacks 57 243 7 35 34 1 7.8 20.6 0.188 0.317 0.271 0.333 0.459 0.339 110 90.4 0.8 3.8 -4.5 0.8 13419
"Jorge Polanco" Twins 55 226 4 22 19 4 5.8 15.5 0.096 0.292 0.258 0.304 0.354 0.289 80 86.6 -0.6 -6.3 3.9 0.8 13152
"Christian Yelich" Brewers 58 247 12 39 22 4 18.6 30.8 0.225 0.259 0.205 0.356 0.43 0.343 113 94 -1.2 3 -6.3 0.7 11477
"Raimel Tapia" Rockies 51 206 1 26 17 8 6.8 18.4 0.082 0.392 0.321 0.369 0.402 0.338 96 85.3 3.2 2.2 -1.9 0.7 14350
"Orlando Arcia" Brewers 59 189 5 22 20 2 7.4 16.9 0.156 0.292 0.26 0.317 0.416 0.317 96 89 -2.9 -3.9 2.6 0.7 13185
"Avisail Garcia" Brewers 53 207 2 20 15 1 9.7 23.7 0.088 0.315 0.238 0.333 0.326 0.296 82 87.4 -1 -5.7 3.6 0.7 5760
"Isiah Kiner-Falefa" Rangers 58 228 3 28 10 8 6.1 14 0.09 0.316 0.28 0.329 0.37 0.307 93 87.2 -2 -3.9 2.8 0.7 16512
"Adam Frazier" Pirates 58 230 7 22 23 1 7.4 15.2 0.134 0.246 0.23 0.297 0.364 0.291 80 85.5 -1.4 -7.2 3.4 0.6 15223
"Hanser Alberto" Orioles 54 231 3 35 22 3 2.2 13 0.11 0.314 0.283 0.306 0.393 0.301 89 82.3 3.1 0.1 0.2 0.6 11902
"Franmil Reyes" Indians 59 241 9 27 34 0 10 28.6 0.175 0.355 0.275 0.344 0.45 0.341 113 92.4 -1.9 2 -6.7 0.6 14566
"Jesus Aguilar" Marlins 51 216 8 31 34 0 10.6 18.5 0.181 0.306 0.277 0.352 0.457 0.347 122 89.6 -1.6 4.4 -4.2 0.6 11342
"Randal Grichuk" "Blue Jays" 55 231 12 38 35 1 5.6 21.2 0.208 0.299 0.273 0.312 0.481 0.334 109 88.9 0.1 2.6 -3.1 0.6 10243
"Joey Votto" Reds 54 223 11 32 22 0 16.6 19.3 0.22 0.235 0.226 0.354 0.446 0.347 114 87.4 -1.7 2.3 -6.6 0.6 4314
"Rafael Devers" "Red Sox" 57 248 11 32 43 0 5.2 27 0.22 0.325 0.263 0.31 0.483 0.337 109 93 0.9 3.7 -4.8 0.5 17350
"Adam Duvall" Braves 57 209 16 34 33 0 7.2 25.8 0.295 0.24 0.237 0.301 0.532 0.348 116 88.1 0.6 4.7 -4.9 0.5 10950
"Miguel Sano" Twins 53 205 13 31 25 0 8.8 43.9 0.274 0.301 0.204 0.278 0.478 0.317 99 95.2 2.3 2.1 -6 0.5 12164
"Colin Moran" Pirates 52 200 10 28 23 0 9.5 26 0.225 0.291 0.247 0.325 0.472 0.34 113 91.9 -2.9 0.4 -4.6 0.5 16909
"J.D. Davis" Mets 56 229 6 26 19 0 13.5 24.5 0.142 0.318 0.247 0.371 0.389 0.339 116 90.1 -2.7 2.1 -3.4 0.5 16219
"Nicholas Castellanos" Reds 60 242 14 37 34 0 7.9 28.5 0.261 0.257 0.225 0.298 0.486 0.329 102 91 -1.2 -0.6 -5.7 0.4 11737
"Max Muncy" Dodgers 58 248 12 36 27 1 15.7 24.2 0.197 0.203 0.192 0.331 0.389 0.316 100 88.5 -0.4 -0.3 -4.3 0.4 13301
"Kyle Schwarber" Cubs 59 224 11 30 24 1 13.4 29.5 0.204 0.219 0.188 0.308 0.393 0.307 91 92.8 0.4 -2.2 -3.7 0.4 16478
"Carlos Santana" Indians 60 255 8 34 30 0 18.4 16.9 0.15 0.212 0.199 0.349 0.35 0.316 96 88 -0.9 -2 -5.4 0.4 2396
"Ketel Marte" Diamondbacks 45 195 2 19 17 1 3.6 10.8 0.122 0.311 0.287 0.323 0.409 0.316 94 89.2 -0.2 -1.7 -1.4 0.4 13613
"Renato Nunez" Orioles 52 216 12 29 31 0 7.9 29.6 0.236 0.317 0.256 0.324 0.492 0.347 120 86.3 -1.5 3.9 -5.9 0.4 14503
"Pete Alonso" Mets 57 239 16 31 35 1 10 25.5 0.26 0.242 0.231 0.326 0.49 0.342 118 90.2 -2 3.6 -6.3 0.4 19251
"Miguel Cabrera" Tigers 57 231 10 28 35 1 10.4 22.1 0.167 0.283 0.25 0.329 0.417 0.323 102 93.2 -2.1 -1.6 -6 0.3 1744
"Vladimir Guerrero Jr." "Blue Jays" 60 243 9 34 33 1 8.2 15.6 0.199 0.282 0.262 0.329 0.462 0.338 112 92.5 -0.9 2.6 -6.9 0.2 19611
"Keston Hiura" Brewers 59 246 13 30 32 3 6.5 34.6 0.198 0.273 0.212 0.297 0.41 0.304 87 87.4 -0.5 -4.6 -4.4 0.2 20003
"Marwin Gonzalez" Twins 53 199 5 15 22 0 8.5 20.6 0.109 0.241 0.211 0.286 0.32 0.269 66 89.2 0.9 -7.3 0.3 0.2 5497
"Jose Altuve" Astros 48 210 5 32 18 2 8.1 18.6 0.125 0.25 0.219 0.286 0.344 0.278 77 86.7 0.4 -5.5 -0.1 0.2 5417
"Erik Gonzalez" Pirates 50 193 3 14 20 2 4.1 26.4 0.133 0.292 0.227 0.255 0.359 0.262 62 88.5 0.2 -9.3 2.1 0.1 13369
"Ryan McMahon" Rockies 52 193 9 23 26 0 9.3 34.2 0.203 0.286 0.215 0.295 0.419 0.308 76 90.1 0.6 -5.3 -0.2 0.1 15112
"Corey Dickerson" Marlins 52 210 7 25 17 1 7.1 16.7 0.144 0.283 0.258 0.311 0.402 0.308 96 85.5 0 -1.1 -3.8 0.1 10762
"Bryan Reynolds" Pirates 55 208 7 24 19 1 10.1 27.4 0.168 0.231 0.189 0.275 0.357 0.278 72 87.5 -1.7 -9.2 0.2 0 19326
"Rio Ruiz" Orioles 54 204 9 25 32 1 8.3 22.5 0.205 0.244 0.222 0.286 0.427 0.303 90 87.9 -2.2 -4.7 -0.6 0 14103
"Javier Baez" Cubs 59 235 8 27 24 3 3 31.9 0.158 0.262 0.203 0.238 0.36 0.256 57 89.4 -0.4 -13.3 2.7 0 12979
"Asdrubal Cabrera" Nationals 52 213 8 23 31 0 8.9 18.8 0.205 0.26 0.242 0.305 0.447 0.319 96 89.4 -2.6 -3.8 -2.2 0 4962
"Yuli Gurriel" Astros 57 230 6 27 22 0 5.2 11.7 0.152 0.235 0.232 0.274 0.384 0.281 79 89.3 0.3 -5.5 -3.4 -0.1 19198
"Austin Riley" Braves 51 206 8 24 27 0 7.8 23.8 0.176 0.28 0.239 0.301 0.415 0.307 88 91 -0.4 -3.6 -3.4 -0.1 18360
"Nick Solak" Rangers 58 233 2 27 23 7 7.7 18 0.077 0.32 0.268 0.326 0.344 0.297 86 89.9 2.4 -1.6 -8.4 -0.2 19294
"Andrew McCutchen" Phillies 57 241 10 32 34 4 9.1 19.9 0.18 0.281 0.253 0.324 0.433 0.327 103 89.6 -1.6 -0.6 -7.6 -0.2 9847
"Evan White" Mariners 54 202 8 19 26 1 8.9 41.6 0.17 0.264 0.176 0.252 0.346 0.261 66 91.7 1 -7.5 -1.6 -0.2 20078
"Nicky Lopez" Royals 56 192 1 15 13 0 9.4 21.4 0.065 0.26 0.201 0.286 0.266 0.254 55 84.9 -2 -12.8 2 -0.2 19339
"Jonathan Villar" "- - -" 52 207 2 13 15 16 9.2 26.1 0.059 0.313 0.232 0.301 0.292 0.266 66 86.9 0.7 -8.2 -0.5 -0.3 10071
"Josh Bell" Pirates 57 223 8 22 22 0 9.9 26.5 0.138 0.273 0.226 0.305 0.364 0.286 77 91.7 0.2 -6.2 -7.6 -0.4 13145
"Victor Robles" Nationals 52 189 3 20 15 4 4.8 28 0.095 0.298 0.22 0.293 0.315 0.273 65 82.6 1.3 -7 -2.9 -0.5 18363
"Eduardo Escobar" Diamondbacks 54 222 4 22 20 1 6.8 18.5 0.123 0.244 0.212 0.27 0.335 0.257 56 88.6 -0.9 -13.5 0.3 -0.5 6153
"Josh Reddick" Astros 56 210 4 22 23 1 9.5 20 0.133 0.294 0.245 0.316 0.378 0.304 95 85.9 -2 -3.2 -10.5 -0.6 3892
"J.D. Martinez" "Red Sox" 54 237 7 22 27 1 9.3 24.9 0.175 0.259 0.213 0.291 0.389 0.29 77 89.5 -1 -7.8 -8.6 -1 6184
