"Season" "wOBA" "wOBAScale" "wBB" "wHBP" "w1B" "w2B" "w3B" "wHR" "runSB" "runCS" "R/PA" "R/W" "cFIP"
"1" 2021 0.314 1.209 0.692 0.722 0.879 1.242 1.568 2.007 0.2 -0.419 0.121 9.973 3.17
"2" 2020 0.32 1.185 0.699 0.728 0.883 1.238 1.558 1.979 0.2 -0.435 0.126 10.282 3.191
"3" 2019 0.32 1.157 0.69 0.719 0.87 1.217 1.529 1.94 0.2 -0.435 0.126 10.296 3.214
"4" 2018 0.315 1.226 0.69 0.72 0.88 1.247 1.578 2.031 0.2 -0.407 0.117 9.714 3.161
"5" 2017 0.321 1.185 0.693 0.723 0.877 1.232 1.552 1.98 0.2 -0.423 0.122 10.048 3.158
"6" 2016 0.318 1.212 0.691 0.721 0.878 1.242 1.569 2.015 0.2 -0.41 0.118 9.778 3.147
"7" 2015 0.313 1.251 0.687 0.718 0.881 1.256 1.594 2.065 0.2 -0.392 0.112 9.421 3.134
"8" 2014 0.31 1.304 0.689 0.722 0.892 1.283 1.635 2.135 0.2 -0.377 0.107 9.117 3.132
"9" 2013 0.314 1.277 0.69 0.722 0.888 1.271 1.616 2.101 0.2 -0.384 0.11 9.264 3.048
"10" 2012 0.315 1.245 0.691 0.722 0.884 1.257 1.593 2.058 0.2 -0.398 0.114 9.544 3.095
"11" 2011 0.316 1.264 0.694 0.726 0.89 1.27 1.611 2.086 0.2 -0.394 0.112 9.454 3.025
"12" 2010 0.321 1.251 0.701 0.732 0.895 1.27 1.608 2.072 0.2 -0.403 0.115 9.643 3.079
"13" 2009 0.329 1.21 0.707 0.737 0.895 1.258 1.585 2.023 0.2 -0.42 0.12 9.994 3.097
"14" 2008 0.328 1.211 0.708 0.739 0.896 1.259 1.587 2.024 0.2 -0.422 0.12 10.032 3.132
"15" 2007 0.331 1.192 0.711 0.741 0.896 1.253 1.575 1.999 0.2 -0.433 0.124 10.25 3.24
"16" 2006 0.332 1.17 0.708 0.737 0.89 1.241 1.557 1.97 0.2 -0.439 0.125 10.365 3.147
"17" 2005 0.326 1.208 0.703 0.733 0.89 1.252 1.578 2.017 0.2 -0.419 0.12 9.971 3.02
"18" 2004 0.33 1.18 0.707 0.737 0.89 1.244 1.563 1.983 0.2 -0.434 0.124 10.272 3.049
"19" 2003 0.328 1.194 0.706 0.736 0.891 1.249 1.572 2 0.2 -0.428 0.123 10.158 3.031
"20" 2002 0.326 1.211 0.704 0.735 0.892 1.255 1.582 2.021 0.2 -0.42 0.12 9.991 2.962
"21" 2001 0.327 1.182 0.704 0.733 0.887 1.242 1.561 1.982 0.2 -0.432 0.124 10.235 3.049
"22" 2000 0.341 1.147 0.722 0.751 0.9 1.244 1.554 1.947 0.2 -0.46 0.131 10.795 3.134
"23" 1999 0.341 1.156 0.723 0.752 0.902 1.249 1.561 1.959 0.2 -0.456 0.13 10.714 3.134
"24" 1998 0.331 1.197 0.713 0.742 0.898 1.257 1.58 2.007 0.2 -0.432 0.124 10.232 3.139
"25" 1997 0.332 1.201 0.714 0.744 0.9 1.26 1.585 2.013 0.2 -0.431 0.123 10.21 3.109
"26" 1996 0.335 1.171 0.719 0.748 0.901 1.252 1.568 1.975 0.2 -0.45 0.129 10.599 3.172
"27" 1995 0.333 1.199 0.718 0.748 0.903 1.263 1.587 2.011 0.2 -0.437 0.125 10.326 3.103
"28" 1994 0.333 1.182 0.716 0.745 0.899 1.254 1.573 1.988 0.2 -0.442 0.127 10.439 3.131
"29" 1993 0.327 1.24 0.713 0.744 0.905 1.278 1.613 2.063 0.2 -0.418 0.12 9.953 2.988
"30" 1992 0.317 1.33 0.706 0.739 0.912 1.311 1.67 2.178 0.2 -0.381 0.108 9.188 2.783
"31" 1991 0.318 1.297 0.707 0.739 0.908 1.297 1.647 2.133 0.2 -0.395 0.113 9.479 2.856
"32" 1990 0.319 1.299 0.707 0.739 0.908 1.298 1.648 2.137 0.2 -0.393 0.112 9.44 2.808
"33" 1989 0.313 1.329 0.704 0.737 0.91 1.308 1.667 2.174 0.2 -0.383 0.109 9.23 2.763
"34" 1988 0.312 1.322 0.7 0.733 0.905 1.302 1.659 2.162 0.2 -0.383 0.109 9.229 2.769
"35" 1987 0.326 1.206 0.707 0.737 0.894 1.256 1.582 2.014 0.2 -0.428 0.123 10.144 2.871
"36" 1986 0.32 1.267 0.706 0.737 0.902 1.282 1.624 2.094 0.2 -0.403 0.115 9.645 2.771
"37" 1985 0.317 1.28 0.703 0.735 0.901 1.285 1.631 2.109 0.2 -0.397 0.114 9.53 2.684
"38" 1984 0.317 1.302 0.706 0.738 0.908 1.298 1.65 2.14 0.2 -0.392 0.112 9.417 2.768
"39" 1983 0.319 1.289 0.706 0.738 0.906 1.293 1.64 2.123 0.2 -0.396 0.113 9.499 2.755
"40" 1982 0.318 1.291 0.705 0.737 0.905 1.293 1.641 2.126 0.2 -0.394 0.112 9.454 2.717
"41" 1981 0.314 1.361 0.706 0.74 0.917 1.325 1.693 2.219 0.2 -0.371 0.105 8.997 2.6
"42" 1980 0.32 1.298 0.708 0.741 0.909 1.299 1.649 2.137 0.2 -0.393 0.112 9.437 2.752
"43" 1979 0.324 1.263 0.711 0.743 0.907 1.286 1.627 2.092 0.2 -0.408 0.117 9.741 2.732
"44" 1978 0.318 1.327 0.707 0.74 0.913 1.311 1.669 2.176 0.2 -0.382 0.108 9.211 2.585
"45" 1977 0.324 1.255 0.708 0.739 0.902 1.279 1.618 2.081 0.2 -0.407 0.116 9.726 2.738
"46" 1976 0.315 1.381 0.712 0.747 0.926 1.34 1.713 2.248 0.2 -0.371 0.105 8.988 2.633
"47" 1975 0.321 1.331 0.716 0.749 0.922 1.322 1.681 2.185 0.2 -0.388 0.11 9.335 2.587
"48" 1974 0.318 1.349 0.713 0.747 0.922 1.327 1.691 2.206 0.2 -0.381 0.108 9.199 2.578
"49" 1973 0.319 1.318 0.71 0.743 0.914 1.309 1.665 2.164 0.2 -0.388 0.11 9.338 2.565
"50" 1972 0.304 1.411 0.694 0.729 0.913 1.336 1.717 2.279 0.2 -0.348 0.098 8.532 2.399
"51" 1971 0.31 1.37 0.7 0.734 0.912 1.323 1.693 2.228 0.2 -0.364 0.103 8.853 2.451
"52" 1970 0.319 1.29 0.708 0.74 0.908 1.295 1.644 2.126 0.2 -0.398 0.113 9.537 2.638
"53" 1969 0.313 1.344 0.705 0.739 0.913 1.316 1.679 2.195 0.2 -0.378 0.107 9.133 2.509
"54" 1968 0.291 1.461 0.681 0.718 0.908 1.346 1.74 2.337 0.2 -0.328 0.092 8.13 2.385
"55" 1967 0.299 1.389 0.687 0.722 0.902 1.319 1.694 2.244 0.2 -0.354 0.1 8.648 2.539
"56" 1966 0.303 1.327 0.686 0.719 0.891 1.289 1.648 2.161 0.2 -0.371 0.106 8.996 2.554
"57" 1965 0.304 1.339 0.69 0.723 0.897 1.299 1.66 2.178 0.2 -0.371 0.105 8.989 2.517
"58" 1964 0.307 1.322 0.69 0.723 0.895 1.292 1.649 2.158 0.2 -0.375 0.107 9.08 2.605
"59" 1963 0.304 1.341 0.688 0.721 0.895 1.298 1.66 2.181 0.2 -0.368 0.104 8.928 2.479
"60" 1962 0.322 1.266 0.709 0.741 0.905 1.285 1.627 2.094 0.2 -0.407 0.116 9.731 2.617
"61" 1961 0.324 1.249 0.71 0.741 0.904 1.278 1.616 2.072 0.2 -0.414 0.118 9.864 2.574
"62" 1960 0.319 1.29 0.706 0.738 0.905 1.292 1.641 2.124 0.2 -0.395 0.113 9.484 2.527
"63" 1959 0.319 1.272 0.705 0.737 0.902 1.284 1.627 2.1 0.2 -0.402 0.115 9.63 2.543
"64" 1958 0.32 1.278 0.703 0.735 0.901 1.284 1.629 2.109 0.2 -0.395 0.112 9.476 2.475
"65" 1957 0.319 1.286 0.703 0.735 0.902 1.288 1.635 2.119 0.2 -0.392 0.112 9.426 2.456
"66" 1956 0.326 1.261 0.712 0.743 0.907 1.285 1.626 2.09 0.2 -0.408 0.116 9.74 2.369
"67" 1955 0.327 1.266 0.716 0.748 0.913 1.292 1.634 2.099 0.2 -0.41 0.116 9.789 2.368
"68" 1954 0.333 1.289 0.724 0.756 0.924 1.311 1.659 2.138 0.2 -0.401 0.113 9.606 2.398
"69" 1953 0.336 1.248 0.726 0.758 0.92 1.294 1.631 2.084 0.2 -0.421 0.12 10.001 2.591
"70" 1952 0.327 1.34 0.722 0.756 0.93 1.332 1.694 2.202 0.2 -0.386 0.109 9.292 2.391
"71" 1951 0.336 1.28 0.732 0.764 0.93 1.314 1.66 2.128 0.2 -0.413 0.117 9.85 2.479
"72" 1950 0.346 1.224 0.74 0.771 0.93 1.297 1.628 2.06 0.2 -0.439 0.125 10.381 2.584
"73" 1949 0.344 1.277 0.743 0.775 0.941 1.324 1.669 2.132 0.2 -0.421 0.119 9.997 2.511
"74" 1948 0.341 1.283 0.741 0.774 0.94 1.325 1.672 2.138 0.2 -0.419 0.118 9.963 2.657
"75" 1947 0.336 1.31 0.733 0.766 0.936 1.329 1.683 2.169 0.2 -0.403 0.114 9.633 2.496
"76" 1946 0.328 1.381 0.728 0.763 0.943 1.357 1.73 2.262 0.2 -0.375 0.105 9.068 2.384
"77" 1945 0.329 1.38 0.737 0.772 0.951 1.365 1.738 2.261 0.2 -0.387 0.109 9.309 2.539
"78" 1944 0.326 1.373 0.73 0.765 0.943 1.355 1.726 2.248 0.2 -0.385 0.108 9.268 2.539
"79" 1943 0.323 1.434 0.73 0.766 0.952 1.383 1.77 2.331 0.2 -0.363 0.102 8.827 2.41
"80" 1942 0.323 1.396 0.731 0.766 0.947 1.366 1.743 2.278 0.2 -0.379 0.106 9.147 2.418
"81" 1941 0.334 1.305 0.735 0.768 0.938 1.329 1.682 2.161 0.2 -0.41 0.116 9.792 2.663
"82" 1940 0.334 1.257 0.73 0.761 0.925 1.302 1.641 2.094 0.2 -0.425 0.121 10.083 2.835
"83" 1939 0.344 1.238 0.741 0.772 0.933 1.305 1.639 2.077 0.2 -0.438 0.124 10.342 2.973
"84" 1938 0.343 1.233 0.743 0.774 0.934 1.304 1.637 2.07 0.2 -0.443 0.126 10.459 2.924
"85" 1937 0.343 1.23 0.741 0.772 0.932 1.301 1.633 2.065 0.2 -0.442 0.126 10.437 3.039
"86" 1936 0.349 1.2 0.751 0.781 0.937 1.296 1.62 2.029 0.2 -0.464 0.131 10.876 3.264
"87" 1935 0.341 1.234 0.74 0.771 0.931 1.301 1.635 2.069 0.2 -0.442 0.125 10.422 3.056
"88" 1934 0.342 1.232 0.741 0.772 0.932 1.302 1.634 2.067 0.2 -0.443 0.126 10.457 3.12
"89" 1933 0.33 1.307 0.731 0.764 0.934 1.326 1.679 2.159 0.2 -0.409 0.116 9.769 2.798
"90" 1932 0.337 1.227 0.732 0.763 0.923 1.291 1.622 2.055 0.2 -0.44 0.125 10.386 3.018
"91" 1931 0.339 1.25 0.74 0.771 0.933 1.308 1.646 2.09 0.2 -0.436 0.124 10.301 3.113
"92" 1930 0.356 1.125 0.748 0.776 0.922 1.26 1.564 1.931 0.2 -0.492 0.141 11.453 3.501
"93" 1929 0.353 1.18 0.748 0.777 0.931 1.284 1.603 2.005 0.2 -0.464 0.132 10.879 3.162
"94" 1928 0.344 1.253 0.74 0.771 0.934 1.31 1.648 2.098 0.2 -0.427 0.122 10.123 2.901
"95" 1927 0.345 1.257 0.745 0.776 0.939 1.316 1.656 2.105 0.2 -0.431 0.123 10.204 3.025
"96" 1926 0.345 1.273 0.745 0.776 0.942 1.324 1.667 2.126 0.2 -0.423 0.12 10.055 2.914
"97" 1925 0.354 1.195 0.751 0.781 0.936 1.295 1.617 2.027 0.2 -0.459 0.131 10.784 3.107
"98" 1924 0.348 1.256 0.746 0.778 0.941 1.318 1.657 2.106 0.2 -0.43 0.123 10.191 3.039
"99" 1923 0.347 1.256 0.748 0.779 0.942 1.319 1.658 2.105 0.2 -0.433 0.123 10.258 2.933
"100" 1922 0.348 1.234 0.745 0.776 0.937 1.307 1.64 2.076 0.2 -0.438 0.125 10.356 3.009
"101" 1921 0.348 1.234 0.743 0.774 0.935 1.305 1.638 2.075 0.2 -0.436 0.125 10.315 3.103
"102" 1920 0.335 1.337 0.738 0.771 0.945 1.346 1.707 2.206 0.2 -0.397 0.114 9.53 2.749
"103" 1919 0.322 1.432 0.728 0.764 0.95 1.38 1.766 2.326 0.2 -0.363 0.103 8.826 2.486
"104" 1918 0.317 1.521 0.733 0.771 0.969 1.425 1.835 2.446 0.2 -0.342 0.097 8.417 2.229
"105" 1917 0.311 1.521 0.726 0.764 0.962 1.418 1.829 2.441 0.2 -0.34 0.097 8.366 2.262
"106" 1916 0.312 1.518 0.725 0.762 0.96 1.415 1.825 2.437 0.2 -0.338 0.096 8.328 2.315
"107" 1915 0.318 1.471 0.733 0.77 0.961 1.402 1.799 2.377 0.2 -0.359 0.103 8.758 2.409
"108" 1914 0.321 1.453 0.734 0.771 0.96 1.395 1.788 2.355 0.2 -0.364 0.105 8.85 2.436
"109" 1913 0.325 1.418 0.737 0.773 0.957 1.383 1.766 2.311 0.2 -0.376 0.109 9.104 2.556
"110" 1912 0.337 1.342 0.752 0.786 0.96 1.363 1.725 2.215 0.2 -0.414 0.12 9.87 2.849
"111" 1911 0.336 1.347 0.752 0.786 0.961 1.365 1.728 2.222 0.2 -0.412 0.119 9.828 2.768
"112" 1910 0.318 1.486 0.738 0.776 0.969 1.415 1.816 2.398 0.2 -0.361 0.103 8.788 2.322
"113" 1909 0.306 1.554 0.729 0.768 0.97 1.437 1.856 2.483 0.2 -0.339 0.097 8.352 2.215
"114" 1908 0.297 1.586 0.719 0.758 0.964 1.44 1.869 2.518 0.2 -0.327 0.093 8.099 2.101
"115" 1907 0.305 1.558 0.73 0.769 0.972 1.439 1.86 2.486 0.2 -0.341 0.097 8.392 2.178
"116" 1906 0.306 1.533 0.73 0.768 0.968 1.427 1.841 2.452 0.2 -0.348 0.099 8.525 2.366
"117" 1905 0.307 1.477 0.73 0.767 0.959 1.402 1.801 2.376 0.2 -0.367 0.105 8.923 2.522
"118" 1904 0.301 1.493 0.72 0.758 0.952 1.399 1.802 2.391 0.2 -0.357 0.102 8.711 2.418
"119" 1903 0.317 1.365 0.738 0.772 0.949 1.359 1.727 2.228 0.2 -0.411 0.118 9.809 2.755
"120" 1902 0.322 1.377 0.745 0.779 0.958 1.371 1.743 2.249 0.2 -0.41 0.117 9.775 2.665
"121" 1901 0.327 1.289 0.751 0.783 0.95 1.337 1.685 2.132 0.2 -0.453 0.13 10.646 2.924
"122" 1900 0.339 1.255 0.765 0.796 0.959 1.336 1.674 2.095 0.2 -0.474 0.136 11.078 2.827
"123" 1899 0.343 1.248 0.771 0.803 0.965 1.339 1.676 2.09 0.2 -0.481 0.138 11.219 2.935
"124" 1898 0.334 1.311 0.768 0.8 0.971 1.364 1.718 2.169 0.2 -0.456 0.13 10.725 2.766
"125" 1897 0.354 1.162 0.781 0.81 0.961 1.309 1.623 1.981 0.2 -0.529 0.151 12.201 3.323
"126" 1896 0.354 1.152 0.782 0.811 0.961 1.306 1.617 1.967 0.2 -0.538 0.154 12.373 3.425
"127" 1895 0.361 1.091 0.791 0.818 0.96 1.287 1.582 1.888 0.2 -0.583 0.165 13.289 3.727
"128" 1894 0.379 0.996 0.801 0.825 0.955 1.254 1.523 1.773 0.2 -0.642 0.184 14.483 3.929
"129" 1893 0.356 1.129 0.794 0.823 0.969 1.308 1.613 1.937 0.2 -0.571 0.162 13.044 3.374
"130" 1892 0.317 1.332 0.762 0.795 0.969 1.368 1.728 2.182 0.2 -0.464 0.133 10.869 2.53
"131" 1891 0.332 1.25 0.778 0.809 0.971 1.347 1.684 2.082 0.2 -0.508 0.146 11.776 2.679
"132" 1890 0.337 1.21 0.784 0.814 0.971 1.334 1.661 2.031 0.2 -0.533 0.153 12.283 2.968
"133" 1889 0.333 1.204 0.776 0.806 0.963 1.324 1.649 2.019 0.2 -0.53 0.154 12.219 3.08
"134" 1888 0.291 1.363 0.732 0.766 0.943 1.352 1.721 2.199 0.2 -0.443 0.131 10.445 2.659
"135" 1887 0.332 1.146 0.771 0.8 0.949 1.293 1.602 1.936 0.2 -0.562 0.165 12.86 3.277
"136" 1886 0.303 1.282 0.751 0.783 0.95 1.335 1.681 2.097 0.2 -0.495 0.146 11.506 3.101
"137" 1885 0.288 1.32 0.733 0.766 0.937 1.333 1.69 2.136 0.2 -0.469 0.14 10.98 2.881
"138" 1884 0.279 1.288 0.725 0.757 0.925 1.311 1.659 2.082 0.2 -0.487 0.146 11.352 3.269
"139" 1883 0.286 1.235 0.727 0.758 0.918 1.289 1.622 2.015 0.2 -0.509 0.151 11.786 3.256
"140" 1882 0.276 1.296 0.717 0.749 0.918 1.307 1.657 2.091 0.2 -0.475 0.141 11.106 2.764
"141" 1881 0.29 1.314 0.725 0.757 0.928 1.322 1.677 2.129 0.2 -0.456 0.135 10.725 2.688
"142" 1880 0.267 1.371 0.701 0.735 0.913 1.324 1.694 2.186 0.2 -0.428 0.127 10.143 2.533
"143" 1879 0.271 1.309 0.711 0.743 0.913 1.306 1.659 2.103 0.2 -0.467 0.138 10.939 2.739
"144" 1878 0.279 1.353 0.726 0.76 0.936 1.342 1.707 2.173 0.2 -0.457 0.136 10.733 2.536
"145" 1877 0.289 1.275 0.735 0.767 0.933 1.315 1.66 2.074 0.2 -0.495 0.146 11.497 2.839
"146" 1876 0.277 1.292 0.737 0.769 0.937 1.325 1.674 2.087 0.2 -0.506 0.15 11.722 2.233
"147" 1875 0.261 1.274 0.73 0.761 0.927 1.309 1.654 2.045 0.2 -0.531 0.156 12.231 2.37
"148" 1874 0.282 1.145 0.76 0.789 0.938 1.281 1.591 1.886 0.2 -0.629 0.179 14.227 2.808
"149" 1873 0.303 1.025 0.788 0.814 0.947 1.255 1.531 1.739 0.2 -0.741 0.207 16.482 2.932
"150" 1872 0.297 1.02 0.791 0.816 0.949 1.255 1.53 1.725 0.2 -0.763 0.213 16.926 3.508
"151" 1871 0.312 0.909 0.797 0.82 0.938 1.211 1.456 1.584 0.2 -0.863 0.237 18.954 3.58
