"Outs"	"Bases"	"Mean"	"Season"	"Prob"	"Prob2"
"1"	0	"“000”"	0.45	2014	0.251	0.113
"2"	0	"“003”"	1.37	2014	0.856	0.28
"3"	0	"“020”"	1.07	2014	0.605	0.26
"4"	0	"“023”"	1.88	2014	0.848	0.574
"5"	0	"“100”"	0.82	2014	0.401	0.229
"6"	0	"“103”"	1.78	2014	0.874	0.426
"7"	0	"“120”"	1.38	2014	0.592	0.378
"8"	0	"“123”"	2.35	2014	0.848	0.61
"9"	1	"“000”"	0.23	2014	0.143	0.056
"10"	1	"“003”"	0.94	2014	0.657	0.167
"11"	1	"“020”"	0.62	2014	0.378	0.149
"12"	1	"“023”"	1.35	2014	0.689	0.392
"13"	1	"“100”"	0.48	2014	0.254	0.138
"14"	1	"“103”"	1.1	2014	0.614	0.256
"15"	1	"“120”"	0.83	2014	0.392	0.233
"16"	1	"“123”"	1.5	2014	0.664	0.408
"17"	2	"“000”"	0.09	2014	0.06	0.018
"18"	2	"“003”"	0.34	2014	0.252	0.059
"19"	2	"“020”"	0.31	2014	0.204	0.064
"20"	2	"“023”"	0.5	2014	0.229	0.185
"21"	2	"“100”"	0.2	2014	0.117	0.057
"22"	2	"“103”"	0.41	2014	0.247	0.101
"23"	2	"“120”"	0.39	2014	0.206	0.105
"24"	2	"“123”"	0.64	2014	0.288	0.188
"25"	0	"“000”"	0.47	2015	0.262	0.116
"26"	0	"“003”"	1.4	2015	0.822	0.324
"27"	0	"“020”"	1.11	2015	0.619	0.265
"28"	0	"“023”"	2.04	2015	0.833	0.602
"29"	0	"“100”"	0.85	2015	0.404	0.237
"30"	0	"“103”"	1.72	2015	0.85	0.413
"31"	0	"“120”"	1.48	2015	0.612	0.395
"32"	0	"“123”"	2.32	2015	0.876	0.62
"33"	1	"“000”"	0.25	2015	0.153	0.059
"34"	1	"“003”"	0.96	2015	0.651	0.176
"35"	1	"“020”"	0.66	2015	0.392	0.158
"36"	1	"“023”"	1.36	2015	0.653	0.394
"37"	1	"“100”"	0.5	2015	0.257	0.142
"38"	1	"“103”"	1.12	2015	0.621	0.244
"39"	1	"“120”"	0.88	2015	0.397	0.246
"40"	1	"“123”"	1.59	2015	0.659	0.402
"41"	2	"“000”"	0.1	2015	0.068	0.021
"42"	2	"“003”"	0.36	2015	0.263	0.064
"43"	2	"“020”"	0.3	2015	0.208	0.064
"44"	2	"“023”"	0.56	2015	0.25	0.201
"45"	2	"“100”"	0.22	2015	0.128	0.066
"46"	2	"“103”"	0.45	2015	0.254	0.111
"47"	2	"“120”"	0.43	2015	0.219	0.117
"48"	2	"“123”"	0.78	2015	0.318	0.231
"49"	0	"“000”"	0.5	2016	0.275	0.124
"50"	0	"“003”"	1.35	2016	0.834	0.29
"51"	0	"“020”"	1.13	2016	0.613	0.281
"52"	0	"“023”"	1.93	2016	0.82	0.564
"53"	0	"“100”"	0.86	2016	0.412	0.24
"54"	0	"“103”"	1.72	2016	0.848	0.419
"55"	0	"“120”"	1.44	2016	0.612	0.39
"56"	0	"“123”"	2.11	2016	0.817	0.542
"57"	1	"“000”"	0.27	2016	0.162	0.064
"58"	1	"“003”"	0.94	2016	0.661	0.166
"59"	1	"“020”"	0.67	2016	0.398	0.163
"60"	1	"“023”"	1.36	2016	0.672	0.373
"61"	1	"“100”"	0.51	2016	0.264	0.146
"62"	1	"“103”"	1.2	2016	0.643	0.278
"63"	1	"“120”"	0.92	2016	0.412	0.256
"64"	1	"“123”"	1.54	2016	0.649	0.393
"65"	2	"“000”"	0.11	2016	0.072	0.023
"66"	2	"“003”"	0.37	2016	0.262	0.067
"67"	2	"“020”"	0.31	2016	0.212	0.069
"68"	2	"“023”"	0.55	2016	0.244	0.197
"69"	2	"“100”"	0.22	2016	0.124	0.066
"70"	2	"“103”"	0.48	2016	0.262	0.118
"71"	2	"“120”"	0.41	2016	0.215	0.111
"72"	2	"“123”"	0.7	2016	0.304	0.218
"73"	0	"“000”"	0.52	2017	0.279	0.129
"74"	0	"“003”"	1.41	2017	0.861	0.281
"75"	0	"“020”"	1.17	2017	0.614	0.295
"76"	0	"“023”"	2.06	2017	0.861	0.599
"77"	0	"“100”"	0.91	2017	0.418	0.254
"78"	0	"“103”"	1.83	2017	0.86	0.436
"79"	0	"“120”"	1.51	2017	0.616	0.397
"80"	0	"“123”"	2.24	2017	0.852	0.574
"81"	1	"“000”"	0.27	2017	0.164	0.066
"82"	1	"“003”"	0.98	2017	0.659	0.187
"83"	1	"“020”"	0.72	2017	0.399	0.182
"84"	1	"“023”"	1.49	2017	0.666	0.421
"85"	1	"“100”"	0.52	2017	0.263	0.154
"86"	1	"“103”"	1.21	2017	0.63	0.283
"87"	1	"“120”"	0.95	2017	0.413	0.256
"88"	1	"“123”"	1.64	2017	0.671	0.418
"89"	2	"“000”"	0.11	2017	0.073	0.023
"90"	2	"“003”"	0.38	2017	0.266	0.073
"91"	2	"“020”"	0.33	2017	0.212	0.078
"92"	2	"“023”"	0.57	2017	0.259	0.201
"93"	2	"“100”"	0.23	2017	0.124	0.068
"94"	2	"“103”"	0.5	2017	0.27	0.122
"95"	2	"“120”"	0.45	2017	0.222	0.123
"96"	2	"“123”"	0.8	2017	0.32	0.227
"97"	0	"“000”"	0.49	2018	0.269	0.125
"98"	0	"“003”"	1.43	2018	0.83	0.299
"99"	0	"“020”"	1.13	2018	0.598	0.275
"100"	0	"“023”"	1.94	2018	0.809	0.567
"101"	0	"“100”"	0.87	2018	0.408	0.244
"102"	0	"“103”"	1.79	2018	0.836	0.431
"103"	0	"“120”"	1.42	2018	0.596	0.386
"104"	0	"“123”"	2.35	2018	0.83	0.608
"105"	1	"“000”"	0.26	2018	0.16	0.065
"106"	1	"“003”"	1	2018	0.659	0.189
"107"	1	"“020”"	0.68	2018	0.397	0.163
"108"	1	"“023”"	1.36	2018	0.67	0.383
"109"	1	"“100”"	0.53	2018	0.266	0.158
"110"	1	"“103”"	1.21	2018	0.64	0.287
"111"	1	"“120”"	0.93	2018	0.414	0.262
"112"	1	"“123”"	1.47	2018	0.624	0.383
"113"	2	"“000”"	0.1	2018	0.067	0.021
"114"	2	"“003”"	0.35	2018	0.243	0.072
"115"	2	"“020”"	0.32	2018	0.212	0.07
"116"	2	"“023”"	0.57	2018	0.255	0.199
"117"	2	"“100”"	0.22	2018	0.121	0.068
"118"	2	"“103”"	0.5	2018	0.265	0.129
"119"	2	"“120”"	0.44	2018	0.223	0.12
"120"	2	"“123”"	0.77	2018	0.314	0.22
"121"	0	"“000”"	0.53	2019	0.288	0.136
"122"	0	"“003”"	1.43	2019	0.829	0.311
"123"	0	"“020”"	1.17	2019	0.605	0.288
"124"	0	"“023”"	2.04	2019	0.865	0.599
"125"	0	"“100”"	0.94	2019	0.432	0.272
"126"	0	"“103”"	1.8	2019	0.843	0.434
"127"	0	"“120”"	1.55	2019	0.629	0.42
"128"	0	"“123”"	2.32	2019	0.86	0.611
"129"	1	"“000”"	0.29	2019	0.173	0.07
"130"	1	"“003”"	1	2019	0.648	0.199
"131"	1	"“020”"	0.72	2019	0.408	0.184
"132"	1	"“023”"	1.42	2019	0.683	0.415
"133"	1	"“100”"	0.56	2019	0.276	0.166
"134"	1	"“103”"	1.23	2019	0.64	0.287
"135"	1	"“120”"	1	2019	0.434	0.272
"136"	1	"“123”"	1.63	2019	0.669	0.413
"137"	2	"“000”"	0.11	2019	0.077	0.024
"138"	2	"“003”"	0.38	2019	0.26	0.08
"139"	2	"“020”"	0.33	2019	0.219	0.077
"140"	2	"“023”"	0.6	2019	0.262	0.213
"141"	2	"“100”"	0.24	2019	0.13	0.073
"142"	2	"“103”"	0.54	2019	0.289	0.135
"143"	2	"“120”"	0.46	2019	0.227	0.124
"144"	2	"“123”"	0.77	2019	0.324	0.222
"145"	0	"“000”"	0.57	2000	0.302	0.146
"146"	0	"“003”"	1.51	2000	0.861	0.358
"147"	0	"“020”"	1.18	2000	0.633	0.281
"148"	0	"“023”"	2.04	2000	0.845	0.603
"149"	0	"“100”"	0.97	2000	0.447	0.272
"150"	0	"“103”"	1.9	2000	0.88	0.459
"151"	0	"“120”"	1.62	2000	0.652	0.434
"152"	0	"“123”"	2.54	2000	0.885	0.639
"153"	1	"“000”"	0.31	2000	0.18	0.076
"154"	1	"“003”"	0.99	2000	0.673	0.19
"155"	1	"“020”"	0.73	2000	0.416	0.178
"156"	1	"“023”"	1.5	2000	0.71	0.417
"157"	1	"“100”"	0.6	2000	0.291	0.171
"158"	1	"“103”"	1.22	2000	0.659	0.285
"159"	1	"“120”"	1.01	2000	0.436	0.275
"160"	1	"“123”"	1.7	2000	0.683	0.431
"161"	2	"“000”"	0.12	2000	0.082	0.028
"162"	2	"“003”"	0.41	2000	0.279	0.082
"163"	2	"“020”"	0.33	2000	0.22	0.073
"164"	2	"“023”"	0.64	2000	0.278	0.226
"165"	2	"“100”"	0.26	2000	0.144	0.081
"166"	2	"“103”"	0.51	2000	0.279	0.128
"167"	2	"“120”"	0.48	2000	0.238	0.134
"168"	2	"“123”"	0.82	2000	0.332	0.238
"169"	0	"“000”"	0.53	2001	0.288	0.133
"170"	0	"“003”"	1.52	2001	0.86	0.339
"171"	0	"“020”"	1.17	2001	0.63	0.285
"172"	0	"“023”"	2.04	2001	0.87	0.579
"173"	0	"“100”"	0.92	2001	0.43	0.256
"174"	0	"“103”"	1.85	2001	0.859	0.456
"175"	0	"“120”"	1.53	2001	0.632	0.413
"176"	0	"“123”"	2.37	2001	0.869	0.61
"177"	1	"“000”"	0.28	2001	0.171	0.068
"178"	1	"“003”"	0.98	2001	0.657	0.188
"179"	1	"“020”"	0.7	2001	0.398	0.173
"180"	1	"“023”"	1.42	2001	0.684	0.407
"181"	1	"“100”"	0.55	2001	0.278	0.156
"182"	1	"“103”"	1.26	2001	0.651	0.297
"183"	1	"“120”"	0.91	2001	0.415	0.257
"184"	1	"“123”"	1.6	2001	0.663	0.414
"185"	2	"“000”"	0.11	2001	0.078	0.025
"186"	2	"“003”"	0.37	2001	0.257	0.074
"187"	2	"“020”"	0.35	2001	0.227	0.076
"188"	2	"“023”"	0.6	2001	0.274	0.213
"189"	2	"“100”"	0.24	2001	0.134	0.073
"190"	2	"“103”"	0.52	2001	0.278	0.131
"191"	2	"“120”"	0.43	2001	0.222	0.116
"192"	2	"“123”"	0.8	2001	0.323	0.238
"193"	0	"“000”"	0.51	2002	0.279	0.129
"194"	0	"“003”"	1.4	2002	0.854	0.273
"195"	0	"“020”"	1.15	2002	0.624	0.275
"196"	0	"“023”"	1.97	2002	0.85	0.61
"197"	0	"“100”"	0.9	2002	0.422	0.25
"198"	0	"“103”"	1.85	2002	0.882	0.446
"199"	0	"“120”"	1.51	2002	0.631	0.413
"200"	0	"“123”"	2.33	2002	0.873	0.589
"201"	1	"“000”"	0.27	2002	0.164	0.066
"202"	1	"“003”"	0.94	2002	0.644	0.167
"203"	1	"“020”"	0.69	2002	0.396	0.166
"204"	1	"“023”"	1.36	2002	0.668	0.382
"205"	1	"“100”"	0.54	2002	0.272	0.151
"206"	1	"“103”"	1.2	2002	0.638	0.272
"207"	1	"“120”"	0.94	2002	0.421	0.258
"208"	1	"“123”"	1.51	2002	0.653	0.391
"209"	2	"“000”"	0.1	2002	0.07	0.022
"210"	2	"“003”"	0.36	2002	0.25	0.072
"211"	2	"“020”"	0.32	2002	0.213	0.072
"212"	2	"“023”"	0.63	2002	0.273	0.219
"213"	2	"“100”"	0.23	2002	0.125	0.067
"214"	2	"“103”"	0.53	2002	0.277	0.133
"215"	2	"“120”"	0.45	2002	0.227	0.122
"216"	2	"“123”"	0.77	2002	0.315	0.225
"217"	0	"“000”"	0.53	2003	0.285	0.131
"218"	0	"“003”"	1.38	2003	0.838	0.285
"219"	0	"“020”"	1.18	2003	0.636	0.29
"220"	0	"“023”"	2.03	2003	0.867	0.603
"221"	0	"“100”"	0.92	2003	0.435	0.251
"222"	0	"“103”"	1.88	2003	0.86	0.451
"223"	0	"“120”"	1.56	2003	0.647	0.411
"224"	0	"“123”"	2.48	2003	0.891	0.624
"225"	1	"“000”"	0.28	2003	0.167	0.067
"226"	1	"“003”"	1.03	2003	0.691	0.197
"227"	1	"“020”"	0.71	2003	0.41	0.169
"228"	1	"“023”"	1.42	2003	0.689	0.405
"229"	1	"“100”"	0.54	2003	0.274	0.153
"230"	1	"“103”"	1.21	2003	0.643	0.289
"231"	1	"“120”"	0.91	2003	0.42	0.256
"232"	1	"“123”"	1.56	2003	0.662	0.398
"233"	2	"“000”"	0.11	2003	0.073	0.024
"234"	2	"“003”"	0.39	2003	0.276	0.074
"235"	2	"“020”"	0.34	2003	0.223	0.074
"236"	2	"“023”"	0.55	2003	0.249	0.2
"237"	2	"“100”"	0.24	2003	0.132	0.071
"238"	2	"“103”"	0.52	2003	0.281	0.131
"239"	2	"“120”"	0.45	2003	0.229	0.122
"240"	2	"“123”"	0.8	2003	0.326	0.233
"241"	0	"“000”"	0.53	2004	0.286	0.134
"242"	0	"“003”"	1.45	2004	0.823	0.29
"243"	0	"“020”"	1.17	2004	0.632	0.287
"244"	0	"“023”"	2.15	2004	0.889	0.63
"245"	0	"“100”"	0.92	2004	0.43	0.255
"246"	0	"“103”"	1.86	2004	0.843	0.453
"247"	0	"“120”"	1.49	2004	0.623	0.396
"248"	0	"“123”"	2.28	2004	0.852	0.581
"249"	1	"“000”"	0.28	2004	0.168	0.07
"250"	1	"“003”"	0.97	2004	0.648	0.187
"251"	1	"“020”"	0.71	2004	0.404	0.176
"252"	1	"“023”"	1.47	2004	0.688	0.428
"253"	1	"“100”"	0.55	2004	0.274	0.157
"254"	1	"“103”"	1.23	2004	0.64	0.293
"255"	1	"“120”"	0.97	2004	0.421	0.267
"256"	1	"“123”"	1.6	2004	0.662	0.424
"257"	2	"“000”"	0.11	2004	0.075	0.025
"258"	2	"“003”"	0.37	2004	0.26	0.07
"259"	2	"“020”"	0.34	2004	0.219	0.074
"260"	2	"“023”"	0.62	2004	0.276	0.218
"261"	2	"“100”"	0.24	2004	0.133	0.071
"262"	2	"“103”"	0.53	2004	0.279	0.135
"263"	2	"“120”"	0.46	2004	0.233	0.124
"264"	2	"“123”"	0.82	2004	0.331	0.241
"265"	0	"“000”"	0.51	2005	0.276	0.129
"266"	0	"“003”"	1.52	2005	0.826	0.317
"267"	0	"“020”"	1.14	2005	0.624	0.271
"268"	0	"“023”"	2.05	2005	0.858	0.606
"269"	0	"“100”"	0.9	2005	0.421	0.248
"270"	0	"“103”"	1.82	2005	0.844	0.438
"271"	0	"“120”"	1.47	2005	0.613	0.389
"272"	0	"“123”"	2.35	2005	0.856	0.604
"273"	1	"“000”"	0.28	2005	0.163	0.068
"274"	1	"“003”"	0.97	2005	0.658	0.181
"275"	1	"“020”"	0.69	2005	0.41	0.165
"276"	1	"“023”"	1.42	2005	0.674	0.402
"277"	1	"“100”"	0.55	2005	0.276	0.159
"278"	1	"“103”"	1.18	2005	0.639	0.265
"279"	1	"“120”"	0.92	2005	0.416	0.255
"280"	1	"“123”"	1.54	2005	0.65	0.399
"281"	2	"“000”"	0.11	2005	0.07	0.024
"282"	2	"“003”"	0.38	2005	0.264	0.077
"283"	2	"“020”"	0.35	2005	0.226	0.075
"284"	2	"“023”"	0.61	2005	0.268	0.218
"285"	2	"“100”"	0.24	2005	0.13	0.071
"286"	2	"“103”"	0.52	2005	0.28	0.133
"287"	2	"“120”"	0.44	2005	0.225	0.12
"288"	2	"“123”"	0.75	2005	0.311	0.228
"289"	0	"“000”"	0.54	2006	0.29	0.136
"290"	0	"“003”"	1.44	2006	0.844	0.298
"291"	0	"“020”"	1.15	2006	0.625	0.272
"292"	0	"“023”"	1.97	2006	0.855	0.585
"293"	0	"“100”"	0.93	2006	0.432	0.256
"294"	0	"“103”"	1.82	2006	0.869	0.433
"295"	0	"“120”"	1.58	2006	0.635	0.419
"296"	0	"“123”"	2.38	2006	0.87	0.592
"297"	1	"“000”"	0.29	2006	0.173	0.073
"298"	1	"“003”"	0.96	2006	0.646	0.178
"299"	1	"“020”"	0.73	2006	0.416	0.179
"300"	1	"“023”"	1.46	2006	0.695	0.421
"301"	1	"“100”"	0.56	2006	0.281	0.163
"302"	1	"“103”"	1.17	2006	0.638	0.271
"303"	1	"“120”"	0.96	2006	0.42	0.268
"304"	1	"“123”"	1.67	2006	0.676	0.428
"305"	2	"“000”"	0.11	2006	0.074	0.024
"306"	2	"“003”"	0.38	2006	0.261	0.078
"307"	2	"“020”"	0.36	2006	0.236	0.082
"308"	2	"“023”"	0.59	2006	0.263	0.215
"309"	2	"“100”"	0.24	2006	0.134	0.07
"310"	2	"“103”"	0.5	2006	0.279	0.127
"311"	2	"“120”"	0.45	2006	0.235	0.124
"312"	2	"“123”"	0.82	2006	0.342	0.249
"313"	0	"“000”"	0.53	2007	0.286	0.134
"314"	0	"“003”"	1.42	2007	0.843	0.296
"315"	0	"“020”"	1.19	2007	0.641	0.293
"316"	0	"“023”"	2.12	2007	0.891	0.625
"317"	0	"“100”"	0.93	2007	0.435	0.258
"318"	0	"“103”"	1.84	2007	0.866	0.444
"319"	0	"“120”"	1.52	2007	0.622	0.411
"320"	0	"“123”"	2.38	2007	0.865	0.592
"321"	1	"“000”"	0.28	2007	0.167	0.068
"322"	1	"“003”"	0.98	2007	0.662	0.181
"323"	1	"“020”"	0.73	2007	0.422	0.182
"324"	1	"“023”"	1.44	2007	0.701	0.431
"325"	1	"“100”"	0.54	2007	0.276	0.155
"326"	1	"“103”"	1.21	2007	0.646	0.283
"327"	1	"“120”"	0.93	2007	0.411	0.254
"328"	1	"“123”"	1.62	2007	0.692	0.426
"329"	2	"“000”"	0.11	2007	0.071	0.024
"330"	2	"“003”"	0.4	2007	0.272	0.079
"331"	2	"“020”"	0.35	2007	0.23	0.079
"332"	2	"“023”"	0.63	2007	0.285	0.23
"333"	2	"“100”"	0.24	2007	0.132	0.07
"334"	2	"“103”"	0.52	2007	0.28	0.134
"335"	2	"“120”"	0.46	2007	0.234	0.124
"336"	2	"“123”"	0.79	2007	0.331	0.242
"337"	0	"“000”"	0.52	2008	0.278	0.13
"338"	0	"“003”"	1.5	2008	0.851	0.321
"339"	0	"“020”"	1.15	2008	0.626	0.28
"340"	0	"“023”"	2.02	2008	0.84	0.597
"341"	0	"“100”"	0.9	2008	0.421	0.25
"342"	0	"“103”"	1.77	2008	0.836	0.421
"343"	0	"“120”"	1.54	2008	0.64	0.416
"344"	0	"“123”"	2.33	2008	0.86	0.602
"345"	1	"“000”"	0.28	2008	0.163	0.067
"346"	1	"“003”"	0.96	2008	0.656	0.17
"347"	1	"“020”"	0.7	2008	0.407	0.168
"348"	1	"“023”"	1.42	2008	0.689	0.412
"349"	1	"“100”"	0.53	2008	0.269	0.153
"350"	1	"“103”"	1.16	2008	0.626	0.273
"351"	1	"“120”"	0.93	2008	0.419	0.257
"352"	1	"“123”"	1.6	2008	0.67	0.417
"353"	2	"“000”"	0.11	2008	0.071	0.024
"354"	2	"“003”"	0.36	2008	0.252	0.065
"355"	2	"“020”"	0.33	2008	0.22	0.072
"356"	2	"“023”"	0.6	2008	0.27	0.212
"357"	2	"“100”"	0.23	2008	0.128	0.067
"358"	2	"“103”"	0.49	2008	0.265	0.125
"359"	2	"“120”"	0.46	2008	0.23	0.124
"360"	2	"“123”"	0.8	2008	0.328	0.232
"361"	0	"“000”"	0.51	2009	0.279	0.129
"362"	0	"“003”"	1.31	2009	0.839	0.265
"363"	0	"“020”"	1.14	2009	0.624	0.271
"364"	0	"“023”"	2.02	2009	0.847	0.597
"365"	0	"“100”"	0.88	2009	0.418	0.247
"366"	0	"“103”"	1.77	2009	0.86	0.421
"367"	0	"“120”"	1.49	2009	0.617	0.408
"368"	0	"“123”"	2.31	2009	0.869	0.588
"369"	1	"“000”"	0.28	2009	0.164	0.066
"370"	1	"“003”"	0.97	2009	0.652	0.179
"371"	1	"“020”"	0.69	2009	0.405	0.167
"372"	1	"“023”"	1.41	2009	0.682	0.4
"373"	1	"“100”"	0.53	2009	0.268	0.154
"374"	1	"“103”"	1.21	2009	0.642	0.277
"375"	1	"“120”"	0.92	2009	0.414	0.26
"376"	1	"“123”"	1.57	2009	0.664	0.403
"377"	2	"“000”"	0.11	2009	0.071	0.022
"378"	2	"“003”"	0.38	2009	0.261	0.078
"379"	2	"“020”"	0.32	2009	0.217	0.067
"380"	2	"“023”"	0.56	2009	0.255	0.195
"381"	2	"“100”"	0.22	2009	0.126	0.064
"382"	2	"“103”"	0.53	2009	0.292	0.134
"383"	2	"“120”"	0.45	2009	0.227	0.123
"384"	2	"“123”"	0.74	2009	0.315	0.217
"385"	0	"“000”"	0.49	2010	0.268	0.123
"386"	0	"“003”"	1.38	2010	0.832	0.284
"387"	0	"“020”"	1.1	2010	0.607	0.266
"388"	0	"“023”"	1.97	2010	0.848	0.58
"389"	0	"“100”"	0.87	2010	0.42	0.239
"390"	0	"“103”"	1.8	2010	0.852	0.419
"391"	0	"“120”"	1.42	2010	0.616	0.387
"392"	0	"“123”"	2.37	2010	0.863	0.598
"393"	1	"“000”"	0.26	2010	0.156	0.063
"394"	1	"“003”"	0.93	2010	0.641	0.171
"395"	1	"“020”"	0.68	2010	0.399	0.163
"396"	1	"“023”"	1.38	2010	0.68	0.392
"397"	1	"“100”"	0.51	2010	0.261	0.146
"398"	1	"“103”"	1.11	2010	0.637	0.252
"399"	1	"“120”"	0.88	2010	0.404	0.245
"400"	1	"“123”"	1.51	2010	0.658	0.386
"401"	2	"“000”"	0.1	2010	0.068	0.023
"402"	2	"“003”"	0.35	2010	0.246	0.065
"403"	2	"“020”"	0.32	2010	0.214	0.069
"404"	2	"“023”"	0.59	2010	0.261	0.218
"405"	2	"“100”"	0.23	2010	0.129	0.067
"406"	2	"“103”"	0.47	2010	0.269	0.119
"407"	2	"“120”"	0.45	2010	0.23	0.124
"408"	2	"“123”"	0.78	2010	0.332	0.232
"409"	0	"“000”"	0.47	2011	0.264	0.118
"410"	0	"“003”"	1.45	2011	0.865	0.322
"411"	0	"“020”"	1.06	2011	0.601	0.253
"412"	0	"“023”"	1.93	2011	0.848	0.58
"413"	0	"“100”"	0.84	2011	0.41	0.233
"414"	0	"“103”"	1.75	2011	0.848	0.427
"415"	0	"“120”"	1.41	2011	0.603	0.387
"416"	0	"“123”"	2.17	2011	0.848	0.59
"417"	1	"“000”"	0.25	2011	0.155	0.061
"418"	1	"“003”"	0.94	2011	0.655	0.17
"419"	1	"“020”"	0.65	2011	0.392	0.153
"420"	1	"“023”"	1.34	2011	0.645	0.389
"421"	1	"“100”"	0.5	2011	0.262	0.14
"422"	1	"“103”"	1.15	2011	0.651	0.259
"423"	1	"“120”"	0.87	2011	0.399	0.244
"424"	1	"“123”"	1.47	2011	0.624	0.385
"425"	2	"“000”"	0.1	2011	0.066	0.021
"426"	2	"“003”"	0.32	2011	0.233	0.057
"427"	2	"“020”"	0.31	2011	0.21	0.065
"428"	2	"“023”"	0.54	2011	0.245	0.192
"429"	2	"“100”"	0.22	2011	0.125	0.064
"430"	2	"“103”"	0.49	2011	0.272	0.127
"431"	2	"“120”"	0.42	2011	0.218	0.115
"432"	2	"“123”"	0.76	2011	0.314	0.226
"433"	0	"“000”"	0.48	2012	0.267	0.12
"434"	0	"“003”"	1.35	2012	0.817	0.268
"435"	0	"“020”"	1.11	2012	0.614	0.264
"436"	0	"“023”"	1.96	2012	0.851	0.586
"437"	0	"“100”"	0.84	2012	0.413	0.239
"438"	0	"“103”"	1.71	2012	0.846	0.417
"439"	0	"“120”"	1.4	2012	0.6	0.377
"440"	0	"“123”"	2.14	2012	0.859	0.562
"441"	1	"“000”"	0.26	2012	0.155	0.062
"442"	1	"“003”"	0.95	2012	0.644	0.168
"443"	1	"“020”"	0.66	2012	0.393	0.161
"444"	1	"“023”"	1.34	2012	0.653	0.387
"445"	1	"“100”"	0.51	2012	0.267	0.148
"446"	1	"“103”"	1.11	2012	0.617	0.258
"447"	1	"“120”"	0.89	2012	0.401	0.249
"448"	1	"“123”"	1.54	2012	0.647	0.403
"449"	2	"“000”"	0.1	2012	0.067	0.022
"450"	2	"“003”"	0.35	2012	0.247	0.069
"451"	2	"“020”"	0.32	2012	0.219	0.072
"452"	2	"“023”"	0.55	2012	0.248	0.189
"453"	2	"“100”"	0.23	2012	0.129	0.07
"454"	2	"“103”"	0.5	2012	0.277	0.128
"455"	2	"“120”"	0.41	2012	0.217	0.112
"456"	2	"“123”"	0.72	2012	0.302	0.212
"457"	0	"“000”"	0.46	2013	0.258	0.115
"458"	0	"“003”"	1.31	2013	0.81	0.259
"459"	0	"“020”"	1.09	2013	0.599	0.263
"460"	0	"“023”"	2	2013	0.872	0.614
"461"	0	"“100”"	0.81	2013	0.397	0.23
"462"	0	"“103”"	1.8	2013	0.849	0.437
"463"	0	"“120”"	1.38	2013	0.595	0.376
"464"	0	"“123”"	2.18	2013	0.836	0.567
"465"	1	"“000”"	0.24	2013	0.149	0.058
"466"	1	"“003”"	0.91	2013	0.651	0.169
"467"	1	"“020”"	0.62	2013	0.378	0.145
"468"	1	"“023”"	1.36	2013	0.676	0.397
"469"	1	"“100”"	0.49	2013	0.26	0.143
"470"	1	"“103”"	1.11	2013	0.627	0.265
"471"	1	"“120”"	0.84	2013	0.4	0.233
"472"	1	"“123”"	1.56	2013	0.662	0.411
"473"	2	"“000”"	0.09	2013	0.063	0.02
"474"	2	"“003”"	0.34	2013	0.252	0.06
"475"	2	"“020”"	0.3	2013	0.207	0.064
"476"	2	"“023”"	0.54	2013	0.246	0.197
"477"	2	"“100”"	0.21	2013	0.122	0.063
"478"	2	"“103”"	0.48	2013	0.273	0.118
"479"	2	"“120”"	0.4	2013	0.214	0.11
"480"	2	"“123”"	0.71	2013	0.302	0.225
